1760996845237 4.006171703338623 0
1760996845366 3.738750696182251 1
1760996845467 3.4545516967773438 2
1760996845567 3.379392385482788 3
1760996845673 3.134014844894409 4
1760996845772 3.0673282146453857 5
1760996845872 2.934046745300293 6
1760996845974 2.8779866695404053 7
1760996846076 2.7609634399414062 8
1760996846185 2.7174527645111084 9
1760996846289 2.672650098800659 10
1760996846390 2.632472515106201 11
1760996846491 2.603665351867676 12
1760996846594 2.5950210094451904 13
1760996846696 2.584048271179199 14
1760996846794 2.5448029041290283 15
1760996846890 2.5424695014953613 16
1760996846986 2.5289077758789062 17
1760996847081 2.4766273498535156 18
1760996847174 2.5088884830474854 19
1760996847270 2.47005558013916 20
1760996847366 2.468186140060425 21
1760996847464 2.486525297164917 22
1760996847561 2.432671546936035 23
1760996847658 2.452707290649414 24
1760996847770 2.4438252449035645 25
1760996847876 2.4225947856903076 26
1760996847982 2.4163477420806885 27
1760996848087 2.4166171550750732 28
1760996848212 2.4012625217437744 29
1760996848315 2.3921828269958496 30
1760996848412 2.40813946723938 31
1760996848510 2.3887035846710205 32
1760996848635 2.3796792030334473 33
1760996848745 2.358690023422241 34
1760996848849 2.3759589195251465 35
1760996848947 2.371241807937622 36
1760996849047 2.360076665878296 37
1760996849145 2.3644564151763916 38
1760996849245 2.3473567962646484 39
1760996849349 2.3573427200317383 40
1760996849453 2.3385818004608154 41
1760996849552 2.334362268447876 42
1760996849649 2.322533369064331 43
1760996849745 2.3392324447631836 44
1760996849844 2.315232276916504 45
1760996849941 2.322498321533203 46
1760996850035 2.309117078781128 47
1760996850131 2.320143938064575 48
1760996850228 2.304612398147583 49
1760996850324 2.304028272628784 50
