1760997072288 17.83693504333496 0
1760997072409 16.589473724365234 1
1760997072531 15.557486534118652 2
1760997072654 14.590680122375488 3
1760997072779 13.833718299865723 4
1760997072900 13.006291389465332 5
1760997073024 12.042658805847168 6
1760997073149 11.597179412841797 7
1760997073273 10.783377647399902 8
1760997073395 10.258504867553711 9
1760997073539 9.58858871459961 10
1760997073662 9.02112865447998 11
1760997073785 8.469586372375488 12
1760997073916 8.076160430908203 13
1760997074051 7.587451934814453 14
1760997074189 7.112199306488037 15
1760997074313 6.760831356048584 16
1760997074443 6.51686954498291 17
1760997074578 6.170746803283691 18
1760997074711 5.735284805297852 19
1760997074837 5.547158241271973 20
1760997074987 5.2633280754089355 21
1760997075115 4.946651458740234 22
1760997075250 4.728499412536621 23
1760997075387 4.653764247894287 24
1760997075517 4.373219013214111 25
1760997075652 4.101033687591553 26
1760997075771 4.035202980041504 27
1760997075892 3.8421287536621094 28
1760997076002 3.733426809310913 29
1760997076110 3.616874933242798 30
1760997076215 3.4886701107025146 31
1760997076320 3.4259445667266846 32
1760997076448 3.2705600261688232 33
1760997076549 3.138096809387207 34
1760997076655 3.100131034851074 35
1760997076772 3.0269832611083984 36
1760997076888 2.97721004486084 37
1760997076987 2.8517744541168213 38
1760997077085 2.8045668601989746 39
1760997077188 2.781858205795288 40
1760997077290 2.6929047107696533 41
1760997077400 2.6860499382019043 42
1760997077499 2.623386859893799 43
1760997077606 2.6046676635742188 44
1760997077703 2.5769829750061035 45
1760997077842 2.529409170150757 46
1760997077956 2.5144057273864746 47
1760997078073 2.482097864151001 48
1760997078177 2.4764084815979004 49
1760997078275 2.477153778076172 50
1760997078377 2.40921950340271 51
1760997078475 2.3984835147857666 52
1760997078578 2.3819634914398193 53
1760997078684 2.3745882511138916 54
1760997078788 2.3721742630004883 55
1760997078894 2.3440792560577393 56
1760997078995 2.332029104232788 57
1760997079101 2.3410422801971436 58
1760997079210 2.312741279602051 59
1760997079308 2.296823263168335 60
1760997079412 2.3204164505004883 61
1760997079519 2.2937982082366943 62
1760997079618 2.2872347831726074 63
1760997079717 2.2740674018859863 64
1760997079818 2.286696672439575 65
1760997079917 2.2804038524627686 66
1760997080017 2.272390127182007 67
1760997080113 2.237335443496704 68
1760997080216 2.242677688598633 69
1760997080314 2.248626708984375 70
1760997080411 2.241255521774292 71
1760997080508 2.235006093978882 72
1760997080603 2.2120113372802734 73
1760997080701 2.231994390487671 74
1760997080796 2.2196052074432373 75
1760997080902 2.2029950618743896 76
1760997081007 2.2052998542785645 77
