1760997113512 2.6530003547668457 0
1760997113637 2.6132068634033203 1
1760997113738 2.5914127826690674 2
1760997113839 2.5786592960357666 3
1760997113943 2.5535178184509277 4
1760997114045 2.5663392543792725 5
1760997114151 2.552781105041504 6
1760997114253 2.5620296001434326 7
1760997114360 2.5549778938293457 8
1760997114480 2.560425281524658 9
1760997114586 2.5471713542938232 10
1760997114702 2.5262153148651123 11
1760997114807 2.5363502502441406 12
1760997114913 2.5356931686401367 13
1760997115016 2.532411575317383 14
1760997115120 2.5325205326080322 15
1760997115222 2.5167086124420166 16
1760997115320 2.5146563053131104 17
1760997115455 2.5197319984436035 18
1760997115587 2.5201447010040283 19
1760997115712 2.5160410404205322 20
1760997115840 2.505357503890991 21
1760997115963 2.4999775886535645 22
1760997116108 2.510448455810547 23
1760997116242 2.4989306926727295 24
1760997116371 2.497438430786133 25
1760997116501 2.5156619548797607 26
1760997116627 2.493001937866211 27
1760997116755 2.4937844276428223 28
1760997116881 2.485245704650879 29
1760997117011 2.469367742538452 30
1760997117145 2.4692001342773438 31
1760997117279 2.4767374992370605 32
1760997117403 2.4850618839263916 33
1760997117524 2.46065354347229 34
1760997117672 2.4660909175872803 35
1760997117802 2.4664998054504395 36
1760997117928 2.458437204360962 37
1760997118056 2.4522132873535156 38
1760997118193 2.4490718841552734 39
1760997118330 2.4549896717071533 40
1760997118453 2.4601964950561523 41
1760997118580 2.4487626552581787 42
1760997118703 2.4414255619049072 43
1760997118821 2.4512317180633545 44
1760997118940 2.436969041824341 45
1760997119096 2.4539058208465576 46
1760997119219 2.430525541305542 47
1760997119342 2.4502077102661133 48
1760997119470 2.425732374191284 49
1760997119595 2.4237146377563477 50
1760997119694 2.4465444087982178 51
1760997119795 2.4246058464050293 52
1760997119898 2.421922445297241 53
1760997120002 2.426790714263916 54
1760997120106 2.4270944595336914 55
1760997120205 2.4059791564941406 56
1760997120329 2.415088176727295 57
1760997120429 2.419809579849243 58
1760997120555 2.4203872680664062 59
1760997120684 2.4124605655670166 60
1760997120788 2.4155540466308594 61
1760997120900 2.405735731124878 62
1760997121005 2.4025373458862305 63
1760997121107 2.3821353912353516 64
1760997121231 2.3973605632781982 65
1760997121354 2.394686222076416 66
1760997121506 2.373957872390747 67
1760997121634 2.3925421237945557 68
1760997121766 2.3832952976226807 69
1760997121870 2.375018835067749 70
1760997121974 2.3694427013397217 71
1760997122078 2.3794326782226562 72
1760997122182 2.365924835205078 73
1760997122290 2.3747053146362305 74
1760997122395 2.3531854152679443 75
1760997122504 2.372852325439453 76
1760997122623 2.3667995929718018 77
1760997122732 2.358876943588257 78
1760997122845 2.348034381866455 79
1760997122979 2.3598501682281494 80
1760997123094 2.3497543334960938 81
1760997123225 2.346651315689087 82
1760997123332 2.36372709274292 83
1760997123429 2.3530588150024414 84
1760997123540 2.3436391353607178 85
1760997123664 2.342621326446533 86
1760997123774 2.3358070850372314 87
1760997123882 2.3489761352539062 88
1760997123989 2.3239381313323975 89
1760997124132 2.32966947555542 90
1760997124267 2.32753849029541 91
1760997124415 2.3254587650299072 92
1760997124545 2.3288183212280273 93
1760997124659 2.3106513023376465 94
1760997124793 2.3358378410339355 95
1760997124909 2.3116416931152344 96
1760997125042 2.3353042602539062 97
1760997125180 2.3377695083618164 98
1760997125284 2.3014168739318848 99
1760997125390 2.2933595180511475 100
1760997125494 2.320209264755249 101
1760997125599 2.2918713092803955 102
1760997125704 2.3081350326538086 103
1760997125816 2.290228843688965 104
1760997125960 2.2837393283843994 105
1760997126095 2.2889862060546875 106
1760997126209 2.2961342334747314 107
1760997126335 2.3002333641052246 108
1760997126440 2.2874231338500977 109
1760997126556 2.279249429702759 110
1760997126674 2.3012516498565674 111
1760997126783 2.286097288131714 112
1760997126889 2.28599214553833 113
1760997126996 2.2735345363616943 114
1760997127108 2.263779878616333 115
1760997127235 2.2609856128692627 116
1760997127345 2.2678990364074707 117
1760997127473 2.2700462341308594 118
1760997127604 2.2812795639038086 119
1760997127711 2.2644567489624023 120
1760997127845 2.2628273963928223 121
1760997127972 2.2433571815490723 122
1760997128097 2.272797107696533 123
1760997128221 2.2557225227355957 124
1760997128328 2.263228178024292 125
1760997128429 2.2614588737487793 126
1760997128534 2.2607717514038086 127
1760997128638 2.2553164958953857 128
1760997128766 2.2490899562835693 129
1760997128890 2.2455997467041016 130
1760997129015 2.2528326511383057 131
1760997129120 2.260160207748413 132
1760997129223 2.2525837421417236 133
1760997129354 2.2336268424987793 134
1760997129463 2.2348785400390625 135
1760997129569 2.244246482849121 136
1760997129672 2.2424697875976562 137
1760997129800 2.2329845428466797 138
1760997129924 2.233438491821289 139
1760997130029 2.220869541168213 140
1760997130163 2.236555814743042 141
1760997130303 2.218064308166504 142
1760997130443 2.2252297401428223 143
1760997130580 2.2139244079589844 144
1760997130703 2.223972797393799 145
1760997130806 2.2119290828704834 146
1760997130928 2.2230918407440186 147
1760997131058 2.208195686340332 148
1760997131163 2.2199184894561768 149
1760997131291 2.2173879146575928 150
1760997131457 2.196483612060547 151
1760997131561 2.2229089736938477 152
1760997131671 2.1982462406158447 153
1760997131795 2.212432861328125 154
1760997131901 2.2150468826293945 155
1760997132001 2.2089171409606934 156
1760997132099 2.1878771781921387 157
1760997132220 2.1998867988586426 158
1760997132344 2.1840879917144775 159
1760997132496 2.1923108100891113 160
1760997132606 2.194856882095337 161
1760997132756 2.200852394104004 162
1760997132869 2.1851842403411865 163
1760997133009 2.1911542415618896 164
1760997133124 2.1911237239837646 165
1760997133257 2.185218572616577 166
1760997133388 2.182769536972046 167
1760997133503 2.175260543823242 168
1760997133607 2.1757664680480957 169
1760997133760 2.180385112762451 170
1760997133884 2.1836137771606445 171
1760997134004 2.164119005203247 172
1760997134113 2.179579019546509 173
1760997134220 2.1803081035614014 174
1760997134325 2.164910078048706 175
1760997134459 2.153961181640625 176
1760997134592 2.1718013286590576 177
1760997134720 2.167811632156372 178
1760997134871 2.162064552307129 179
1760997135004 2.1663906574249268 180
1760997135138 2.1648664474487305 181
1760997135240 2.1578187942504883 182
1760997135368 2.1590559482574463 183
1760997135538 2.158458709716797 184
1760997135681 2.173550605773926 185
1760997135794 2.1588032245635986 186
1760997135901 2.1514413356781006 187
1760997136007 2.1489858627319336 188
1760997136112 2.158007860183716 189
1760997136215 2.1374897956848145 190
1760997136338 2.137953758239746 191
1760997136464 2.1440303325653076 192
1760997136591 2.136890172958374 193
1760997136722 2.146368980407715 194
1760997136832 2.1365549564361572 195
1760997136936 2.1389222145080566 196
1760997137064 2.146620035171509 197
1760997137171 2.1495063304901123 198
1760997137275 2.142467498779297 199
1760997137384 2.1402504444122314 200
1760997137491 2.127516269683838 201
1760997137596 2.129469394683838 202
1760997137706 2.1390135288238525 203
1760997137810 2.127774715423584 204
1760997137936 2.1218044757843018 205
1760997138096 2.1207923889160156 206
1760997138220 2.125288963317871 207
1760997138347 2.125216484069824 208
1760997138471 2.122135639190674 209
1760997138603 2.1206467151641846 210
1760997138709 2.116222858428955 211
1760997138837 2.1104767322540283 212
1760997138963 2.1177289485931396 213
1760997139090 2.102869987487793 214
1760997139193 2.115522861480713 215
1760997139305 2.114546775817871 216
1760997139412 2.114109516143799 217
1760997139536 2.1030116081237793 218
1760997139648 2.1192963123321533 219
1760997139754 2.107377529144287 220
1760997139860 2.097870111465454 221
1760997139971 2.09906268119812 222
1760997140077 2.0982160568237305 223
1760997140183 2.11562442779541 224
1760997140296 2.1174747943878174 225
1760997140409 2.102243185043335 226
1760997140540 2.102416515350342 227
1760997140671 2.104358434677124 228
1760997140798 2.1085939407348633 229
1760997140899 2.0978188514709473 230
1760997141003 2.090113639831543 231
1760997141105 2.110074758529663 232
1760997141205 2.0922958850860596 233
1760997141336 2.0996389389038086 234
1760997141441 2.082538604736328 235
1760997141545 2.079509735107422 236
1760997141650 2.092716932296753 237
1760997141754 2.0802254676818848 238
1760997141857 2.0841853618621826 239
1760997141961 2.0737056732177734 240
1760997142067 2.0748016834259033 241
1760997142182 2.0862178802490234 242
1760997142307 2.0896880626678467 243
1760997142409 2.0798661708831787 244
1760997142513 2.0700104236602783 245
1760997142617 2.081071615219116 246
1760997142720 2.085658550262451 247
1760997142824 2.074295997619629 248
1760997142928 2.072929859161377 249
1760997143057 2.0771517753601074 250
1760997143186 2.054112672805786 251
1760997143342 2.068728446960449 252
1760997143477 2.0643999576568604 253
1760997143616 2.075673818588257 254
1760997143719 2.063380241394043 255
1760997143827 2.075554132461548 256
1760997143936 2.075721502304077 257
1760997144045 2.0670926570892334 258
1760997144150 2.061500310897827 259
1760997144258 2.050931215286255 260
1760997144387 2.065673828125 261
1760997144493 2.0580966472625732 262
1760997144623 2.0525810718536377 263
1760997144727 2.0524559020996094 264
1760997144856 2.066460609436035 265
1760997144967 2.0566413402557373 266
1760997145075 2.0513741970062256 267
1760997145202 2.0636937618255615 268
1760997145305 2.051222562789917 269
1760997145412 2.0554111003875732 270
1760997145522 2.046875238418579 271
1760997145655 2.0554916858673096 272
1760997145766 2.0513381958007812 273
1760997145875 2.052065372467041 274
1760997145989 2.0569345951080322 275
1760997146100 2.047060251235962 276
1760997146249 2.0417580604553223 277
1760997146349 2.0460903644561768 278
1760997146477 2.0397918224334717 279
1760997146599 2.034238338470459 280
1760997146702 2.0300819873809814 281
1760997146833 2.0411102771759033 282
1760997146958 2.037264347076416 283
1760997147085 2.03513240814209 284
1760997147214 2.030271291732788 285
1760997147338 2.0374596118927 286
1760997147470 2.0472302436828613 287
1760997147582 2.0379092693328857 288
1760997147739 2.0422439575195312 289
1760997147842 2.0340068340301514 290
1760997147973 2.0333821773529053 291
1760997148079 2.027661085128784 292
1760997148207 2.0338058471679688 293
1760997148309 2.030888080596924 294
1760997148413 2.0234410762786865 295
1760997148545 2.025507926940918 296
1760997148674 2.034503221511841 297
1760997148817 2.020936965942383 298
1760997148919 2.0262460708618164 299
1760997149047 2.0248639583587646 300
1760997149184 2.0169804096221924 301
1760997149289 2.0272443294525146 302
1760997149398 2.0221829414367676 303
1760997149508 2.0193064212799072 304
1760997149612 2.022960662841797 305
1760997149720 2.0262370109558105 306
1760997149822 2.017791986465454 307
1760997149928 2.015495538711548 308
1760997150081 2.026594638824463 309
1760997150205 2.0095040798187256 310
1760997150332 2.009037733078003 311
1760997150458 2.012824773788452 312
1760997150563 2.0087339878082275 313
1760997150667 2.009770631790161 314
1760997150779 2.017709970474243 315
1760997150882 2.0237009525299072 316
1760997150986 2.0130863189697266 317
1760997151089 2.0143544673919678 318
1760997151191 2.0097405910491943 319
1760997151321 2.004790782928467 320
1760997151424 2.0182931423187256 321
1760997151529 2.001716375350952 322
1760997151668 2.0030646324157715 323
1760997151775 2.010786533355713 324
1760997151900 2.002570390701294 325
1760997152025 2.002960681915283 326
1760997152145 1.989426612854004 327
1760997152290 2.0028645992279053 328
1760997152409 1.995910406112671 329
1760997152517 1.9848450422286987 330
1760997152653 2.0084190368652344 331
1760997152757 1.9940372705459595 332
1760997152890 2.0039021968841553 333
1760997153023 1.9910811185836792 334
1760997153129 2.005798578262329 335
1760997153235 1.9882123470306396 336
1760997153341 1.990691900253296 337
1760997153444 2.0018646717071533 338
1760997153569 1.996019959449768 339
1760997153702 1.9949880838394165 340
1760997153832 1.991410493850708 341
1760997153961 1.9922904968261719 342
1760997154078 1.9905900955200195 343
1760997154189 1.9771747589111328 344
1760997154312 1.991169810295105 345
1760997154419 1.9919644594192505 346
1760997154549 1.977445125579834 347
1760997154695 1.9937695264816284 348
1760997154859 1.9892646074295044 349
1760997154965 1.989105224609375 350
1760997155107 1.981960415840149 351
1760997155216 1.9800524711608887 352
1760997155319 1.9902727603912354 353
1760997155428 1.9832243919372559 354
1760997155545 1.9780899286270142 355
1760997155688 1.9750375747680664 356
1760997155823 1.9847084283828735 357
1760997155978 1.9788756370544434 358
1760997156115 1.9762204885482788 359
1760997156251 1.9785668849945068 360
1760997156373 1.9878528118133545 361
1760997156488 1.9743163585662842 362
1760997156616 1.9776034355163574 363
1760997156732 1.9849090576171875 364
1760997156852 1.9754608869552612 365
1760997156968 1.9717878103256226 366
1760997157085 1.9742087125778198 367
1760997157202 1.96741783618927 368
1760997157312 1.9764866828918457 369
1760997157418 1.9743181467056274 370
1760997157527 1.9753581285476685 371
1760997157671 1.969546914100647 372
1760997157783 1.9647914171218872 373
1760997157891 1.9744716882705688 374
1760997158003 1.9791170358657837 375
1760997158121 1.9652588367462158 376
1760997158233 1.9559907913208008 377
1760997158331 1.9731515645980835 378
1760997158444 1.9619759321212769 379
1760997158554 1.966854214668274 380
1760997158659 1.961356520652771 381
1760997158780 1.969596266746521 382
1760997158895 1.9666905403137207 383
1760997159026 1.9643369913101196 384
1760997159151 1.960790991783142 385
1760997159254 1.9735524654388428 386
1760997159358 1.958287239074707 387
1760997159466 1.970376968383789 388
1760997159575 1.9631578922271729 389
1760997159683 1.9615687131881714 390
1760997159820 1.9572358131408691 391
1760997159943 1.969714879989624 392
1760997160075 1.956452488899231 393
1760997160191 1.9647830724716187 394
1760997160300 1.9571330547332764 395
1760997160408 1.953365683555603 396
1760997160517 1.9585418701171875 397
1760997160643 1.95235276222229 398
1760997160751 1.9461865425109863 399
1760997160861 1.9584317207336426 400
1760997160971 1.9548115730285645 401
1760997161075 1.9636434316635132 402
1760997161183 1.960471510887146 403
1760997161287 1.9496560096740723 404
1760997161388 1.9482520818710327 405
1760997161489 1.947500228881836 406
1760997161593 1.9438018798828125 407
1760997161694 1.943359136581421 408
1760997161799 1.9522597789764404 409
1760997161902 1.9450465440750122 410
1760997162008 1.950154423713684 411
1760997162111 1.9502390623092651 412
