1760996952188 13.326173782348633 0
1760996952311 12.102791786193848 1
1760996952441 11.316014289855957 2
1760996952562 10.605305671691895 3
1760996952684 9.86187744140625 4
1760996952811 9.19426441192627 5
1760996952939 8.530157089233398 6
1760996953068 7.975381374359131 7
1760996953199 7.434685707092285 8
1760996953331 6.942553997039795 9
1760996953460 6.651880741119385 10
1760996953588 6.259972095489502 11
1760996953716 5.91959285736084 12
1760996953840 5.499065399169922 13
1760996953962 5.232293128967285 14
1760996954088 4.966148376464844 15
1760996954216 4.689925193786621 16
1760996954343 4.503026008605957 17
1760996954471 4.328691482543945 18
1760996954602 4.113603115081787 19
1760996954732 3.93921160697937 20
1760996954866 3.832967519760132 21
1760996954998 3.7412729263305664 22
1760996955120 3.5946848392486572 23
1760996955250 3.3814401626586914 24
1760996955398 3.3716206550598145 25
1760996955524 3.1664531230926514 26
1760996955645 3.1831884384155273 27
1760996955769 3.0636672973632812 28
1760996955889 3.0208630561828613 29
1760996956014 2.9125773906707764 30
1760996956143 2.8482792377471924 31
1760996956268 2.8280913829803467 32
1760996956400 2.7689151763916016 33
1760996956506 2.7844669818878174 34
1760996956612 2.713571310043335 35
1760996956717 2.656935691833496 36
1760996956815 2.6151044368743896 37
1760996956914 2.615412712097168 38
1760996957014 2.6060574054718018 39
1760996957112 2.5476889610290527 40
1760996957211 2.552922010421753 41
1760996957311 2.548332691192627 42
1760996957421 2.5297858715057373 43
1760996957531 2.520585298538208 44
1760996957635 2.4730305671691895 45
1760996957737 2.483137845993042 46
1760996957841 2.475750207901001 47
1760996957940 2.488985300064087 48
1760996958042 2.4664814472198486 49
1760996958153 2.4365642070770264 50
1760996958267 2.4312796592712402 51
1760996958403 2.4360547065734863 52
1760996958526 2.4396328926086426 53
1760996958628 2.428208351135254 54
1760996958726 2.4081079959869385 55
1760996958824 2.4009950160980225 56
1760996958926 2.410475015640259 57
1760996959043 2.408933401107788 58
1760996959156 2.3920340538024902 59
1760996959257 2.3873324394226074 60
1760996959359 2.382690668106079 61
1760996959456 2.3767294883728027 62
1760996959566 2.3952877521514893 63
1760996959675 2.3440849781036377 64
1760996959779 2.3644587993621826 65
1760996959877 2.365260362625122 66
1760996959998 2.371589422225952 67
1760996960112 2.3834493160247803 68
1760996960218 2.379189968109131 69
1760996960317 2.361457586288452 70
1760996960424 2.3522396087646484 71
1760996960535 2.341733455657959 72
1760996960635 2.3630177974700928 73
1760996960735 2.354571580886841 74
1760996960835 2.3509738445281982 75
1760996960943 2.326774835586548 76
1760996961049 2.3489432334899902 77
1760996961150 2.335101842880249 78
1760996961257 2.3448493480682373 79
1760996961359 2.3331823348999023 80
1760996961463 2.3300909996032715 81
