1760997561149 3.0719919204711914 0
1760997561274 2.933358669281006 1
1760997561371 2.9508631229400635 2
1760997561467 2.8478758335113525 3
1760997561568 2.807469129562378 4
1760997561664 2.741365909576416 5
1760997561764 2.7104625701904297 6
1760997561865 2.695590019226074 7
1760997561966 2.6856842041015625 8
1760997562065 2.6448090076446533 9
1760997562163 2.6774399280548096 10
1760997562260 2.6587958335876465 11
1760997562356 2.624985456466675 12
1760997562458 2.6062049865722656 13
1760997562557 2.603726625442505 14
1760997562658 2.6157567501068115 15
1760997562768 2.613107681274414 16
1760997562871 2.5824334621429443 17
1760997562972 2.5740764141082764 18
1760997563068 2.5822770595550537 19
1760997563166 2.57853627204895 20
1760997563267 2.5793814659118652 21
1760997563368 2.5661163330078125 22
1760997563465 2.5733675956726074 23
1760997563563 2.540458917617798 24
1760997563662 2.558673143386841 25
1760997563759 2.573051929473877 26
1760997563860 2.5513484477996826 27
1760997563957 2.547692060470581 28
1760997564054 2.5385451316833496 29
1760997564156 2.533477544784546 30
1760997564284 2.5185184478759766 31
1760997564385 2.520542860031128 32
1760997564484 2.5300519466400146 33
1760997564590 2.507843255996704 34
1760997564689 2.516084671020508 35
1760997564789 2.4905846118927 36
1760997564886 2.5118114948272705 37
1760997564989 2.49037504196167 38
1760997565090 2.476731538772583 39
1760997565192 2.5006906986236572 40
1760997565288 2.4886844158172607 41
1760997565387 2.4663314819335938 42
1760997565482 2.4464097023010254 43
1760997565582 2.466261625289917 44
1760997565681 2.4583072662353516 45
1760997565778 2.473456621170044 46
1760997565874 2.43483567237854 47
1760997565975 2.4272634983062744 48
1760997566077 2.433913230895996 49
1760997566177 2.442915439605713 50
