1760997473876 6.69848108291626 0
1760997473997 6.195211410522461 1
1760997474116 5.701252460479736 2
1760997474237 5.1754374504089355 3
1760997474359 4.779611587524414 4
1760997474484 4.4859795570373535 5
1760997474608 4.2244133949279785 6
1760997474730 3.996669292449951 7
1760997474856 3.653777599334717 8
1760997474997 3.633610725402832 9
1760997475106 3.3868048191070557 10
1760997475203 3.1851305961608887 11
1760997475301 3.0828890800476074 12
1760997475401 2.9999279975891113 13
1760997475502 2.843644142150879 14
1760997475607 2.7800047397613525 15
1760997475710 2.7012858390808105 16
1760997475813 2.6906964778900146 17
1760997475917 2.6268181800842285 18
1760997476020 2.558504343032837 19
1760997476121 2.553636312484741 20
1760997476222 2.495684862136841 21
1760997476326 2.532170295715332 22
1760997476437 2.4571938514709473 23
1760997476543 2.449760913848877 24
1760997476645 2.4170773029327393 25
1760997476745 2.4198708534240723 26
1760997476845 2.3956797122955322 27
1760997476956 2.3671650886535645 28
1760997477063 2.3837075233459473 29
1760997477161 2.3645875453948975 30
1760997477261 2.3454437255859375 31
1760997477363 2.352015256881714 32
1760997477463 2.3440520763397217 33
1760997477564 2.3676609992980957 34
1760997477659 2.325711488723755 35
1760997477755 2.341235876083374 36
1760997477853 2.3251709938049316 37
1760997477962 2.3295063972473145 38
1760997478062 2.3389153480529785 39
1760997478171 2.3198156356811523 40
1760997478278 2.3143866062164307 41
1760997478386 2.3060572147369385 42
1760997478488 2.3169631958007812 43
1760997478600 2.3071320056915283 44
1760997478701 2.296048879623413 45
1760997478800 2.301907539367676 46
1760997478897 2.2944183349609375 47
1760997478993 2.2907259464263916 48
1760997479090 2.294581651687622 49
1760997479185 2.28299880027771 50
1760997479283 2.3070244789123535 51
1760997479384 2.3011622428894043 52
1760997479485 2.287834882736206 53
1760997479585 2.292069435119629 54
1760997479684 2.2841904163360596 55
1760997479794 2.271909236907959 56
1760997479907 2.279141902923584 57
