1760997725064 2.570875644683838 0
1760997725188 2.5653135776519775 1
1760997725311 2.56523060798645 2
1760997725428 2.5443711280822754 3
1760997725546 2.533113718032837 4
1760997725667 2.5328211784362793 5
1760997725790 2.5220680236816406 6
1760997725935 2.5214011669158936 7
1760997726085 2.5089399814605713 8
1760997726211 2.5042097568511963 9
1760997726354 2.500527858734131 10
1760997726476 2.4907426834106445 11
1760997726603 2.488248348236084 12
1760997726727 2.4786386489868164 13
1760997726851 2.4733428955078125 14
1760997726977 2.4831383228302 15
1760997727102 2.471129894256592 16
1760997727222 2.4611053466796875 17
1760997727342 2.4523115158081055 18
1760997727474 2.4396705627441406 19
1760997727634 2.4535157680511475 20
1760997727762 2.4371116161346436 21
1760997727885 2.440869092941284 22
1760997728009 2.4347422122955322 23
1760997728133 2.422625780105591 24
1760997728254 2.4292373657226562 25
1760997728404 2.408660650253296 26
1760997728556 2.4181113243103027 27
1760997728685 2.3954122066497803 28
1760997728827 2.3980588912963867 29
1760997728953 2.403491973876953 30
1760997729099 2.4030730724334717 31
1760997729225 2.387989044189453 32
1760997729353 2.4014289379119873 33
1760997729479 2.3853375911712646 34
1760997729607 2.363678216934204 35
1760997729734 2.379939556121826 36
1760997729892 2.3680319786071777 37
1760997730027 2.354156970977783 38
1760997730159 2.3612351417541504 39
1760997730292 2.335547685623169 40
1760997730447 2.3413150310516357 41
1760997730576 2.335376739501953 42
1760997730691 2.340968370437622 43
1760997730803 2.333181142807007 44
1760997730937 2.3125574588775635 45
1760997731068 2.3171582221984863 46
1760997731173 2.314080238342285 47
1760997731307 2.3025853633880615 48
1760997731433 2.299299716949463 49
1760997731570 2.285358190536499 50
1760997731674 2.3021016120910645 51
1760997731780 2.269618272781372 52
1760997731893 2.2705085277557373 53
1760997732019 2.267862558364868 54
1760997732156 2.282771587371826 55
1760997732286 2.2431652545928955 56
1760997732390 2.2520055770874023 57
1760997732517 2.24164080619812 58
1760997732668 2.2408034801483154 59
1760997732801 2.2367818355560303 60
1760997732907 2.2289583683013916 61
1760997733016 2.24483060836792 62
1760997733121 2.2091898918151855 63
1760997733241 2.233773946762085 64
1760997733382 2.2161362171173096 65
1760997733498 2.213670253753662 66
1760997733606 2.1936066150665283 67
1760997733711 2.2008819580078125 68
1760997733816 2.1952662467956543 69
1760997733928 2.188021183013916 70
1760997734036 2.1948022842407227 71
1760997734145 2.1983416080474854 72
1760997734254 2.1688358783721924 73
1760997734363 2.180088996887207 74
1760997734466 2.1764745712280273 75
1760997734568 2.189436912536621 76
1760997734671 2.169266939163208 77
1760997734773 2.1706700325012207 78
1760997734879 2.166564702987671 79
1760997734980 2.1695077419281006 80
1760997735082 2.175642728805542 81
1760997735203 2.1565072536468506 82
1760997735304 2.142869710922241 83
1760997735405 2.150355815887451 84
1760997735517 2.1464273929595947 85
1760997735617 2.131253719329834 86
1760997735713 2.137923002243042 87
1760997735815 2.13201904296875 88
1760997735918 2.1302711963653564 89
1760997736019 2.133507490158081 90
1760997736123 2.132071018218994 91
1760997736223 2.1332743167877197 92
1760997736320 2.119905948638916 93
1760997736422 2.121145725250244 94
1760997736526 2.11816668510437 95
1760997736623 2.107858896255493 96
1760997736724 2.1245181560516357 97
1760997736831 2.116562604904175 98
1760997736931 2.1130502223968506 99
1760997737029 2.1100735664367676 100
1760997737125 2.113191604614258 101
1760997737224 2.113884687423706 102
1760997737323 2.114232301712036 103
1760997737430 2.0979809761047363 104
1760997737534 2.11008358001709 105
1760997737643 2.0929031372070312 106
1760997737749 2.095892906188965 107
1760997737858 2.105560064315796 108
1760997737965 2.103726625442505 109
