1760997873661 2.5477967262268066 0
1760997873788 2.5327091217041016 1
1760997873909 2.5224101543426514 2
1760997874034 2.512615203857422 3
1760997874157 2.501842975616455 4
1760997874283 2.49565052986145 5
1760997874410 2.489715576171875 6
1760997874532 2.482367515563965 7
1760997874681 2.483492851257324 8
1760997874805 2.4699275493621826 9
1760997874931 2.4662210941314697 10
1760997875069 2.4651665687561035 11
1760997875212 2.461561441421509 12
1760997875340 2.438086986541748 13
1760997875467 2.4345555305480957 14
1760997875593 2.422574996948242 15
1760997875719 2.4350087642669678 16
1760997875842 2.430957555770874 17
1760997875978 2.427774667739868 18
1760997876105 2.3980472087860107 19
1760997876260 2.409970283508301 20
1760997876381 2.39483904838562 21
1760997876511 2.412686347961426 22
1760997876645 2.388913154602051 23
1760997876771 2.399761915206909 24
1760997876896 2.397571086883545 25
1760997877022 2.404268980026245 26
1760997877143 2.384892225265503 27
1760997877265 2.3627893924713135 28
1760997877389 2.3908097743988037 29
1760997877510 2.3691093921661377 30
1760997877632 2.3716535568237305 31
1760997877778 2.3674120903015137 32
1760997877914 2.38446307182312 33
1760997878044 2.370182514190674 34
1760997878171 2.344353437423706 35
1760997878290 2.3574750423431396 36
1760997878413 2.3376963138580322 37
1760997878514 2.3538761138916016 38
1760997878616 2.3402602672576904 39
1760997878753 2.3524656295776367 40
1760997878888 2.3559749126434326 41
1760997879015 2.305863857269287 42
1760997879139 2.3143749237060547 43
1760997879270 2.3259894847869873 44
1760997879429 2.319754123687744 45
1760997879569 2.3054497241973877 46
1760997879707 2.3090291023254395 47
1760997879836 2.3099920749664307 48
1760997879964 2.3010692596435547 49
1760997880090 2.306121587753296 50
1760997880194 2.2977170944213867 51
1760997880299 2.3029472827911377 52
1760997880424 2.3065552711486816 53
1760997880550 2.289219856262207 54
1760997880682 2.294330358505249 55
1760997880818 2.2791833877563477 56
1760997880945 2.276707172393799 57
1760997881079 2.2751481533050537 58
1760997881214 2.2790937423706055 59
1760997881345 2.2849795818328857 60
1760997881482 2.2800583839416504 61
1760997881623 2.277304172515869 62
1760997881723 2.2666358947753906 63
1760997881829 2.270534038543701 64
1760997881952 2.280256986618042 65
1760997882074 2.2758421897888184 66
1760997882207 2.2669625282287598 67
1760997882338 2.255718231201172 68
1760997882469 2.245807647705078 69
1760997882624 2.270331859588623 70
1760997882764 2.252601146697998 71
1760997882894 2.246713876724243 72
1760997882999 2.2425875663757324 73
1760997883126 2.25105357170105 74
1760997883291 2.237196207046509 75
1760997883442 2.230513334274292 76
1760997883577 2.2283692359924316 77
1760997883700 2.23693585395813 78
1760997883853 2.235438823699951 79
1760997883958 2.2241134643554688 80
1760997884122 2.22648549079895 81
1760997884284 2.2271080017089844 82
1760997884411 2.2321970462799072 83
1760997884517 2.2312562465667725 84
1760997884648 2.226231336593628 85
1760997884798 2.2099831104278564 86
1760997884909 2.228004217147827 87
1760997885107 2.2157740592956543 88
1760997885272 2.2118752002716064 89
1760997885446 2.2202792167663574 90
1760997885590 2.2143759727478027 91
1760997885753 2.222599744796753 92
1760997885993 2.228668689727783 93
1760997886130 2.2070555686950684 94
1760997886251 2.2019238471984863 95
1760997886373 2.2040586471557617 96
1760997886511 2.20428466796875 97
1760997886637 2.1772255897521973 98
1760997886770 2.1885664463043213 99
1760997886891 2.190901279449463 100
1760997887046 2.1921863555908203 101
1760997887226 2.179265022277832 102
1760997887369 2.181785821914673 103
1760997887498 2.1873254776000977 104
1760997887631 2.1931545734405518 105
1760997887741 2.179522752761841 106
1760997887845 2.1769118309020996 107
1760997887947 2.1812491416931152 108
1760997888087 2.168074369430542 109
1760997888240 2.168701171875 110
1760997888371 2.1849205493927 111
1760997888503 2.1668882369995117 112
1760997888625 2.196108818054199 113
1760997888774 2.169870376586914 114
1760997888877 2.1695899963378906 115
1760997889046 2.180082082748413 116
1760997889184 2.163773775100708 117
1760997889336 2.162429094314575 118
1760997889554 2.166624069213867 119
1760997889754 2.150831460952759 120
1760997889946 2.1598527431488037 121
1760997890159 2.1639058589935303 122
1760997890404 2.1746325492858887 123
1760997890521 2.1414942741394043 124
1760997890694 2.147707223892212 125
1760997890846 2.1406867504119873 126
1760997890976 2.1445484161376953 127
1760997891104 2.1337592601776123 128
1760997891213 2.147465944290161 129
1760997891320 2.137653112411499 130
1760997891424 2.146287202835083 131
1760997891528 2.1420531272888184 132
1760997891630 2.143425941467285 133
1760997891781 2.1540229320526123 134
1760997891885 2.133574962615967 135
1760997892022 2.1385295391082764 136
1760997892156 2.1338725090026855 137
1760997892262 2.1360421180725098 138
1760997892384 2.1303374767303467 139
1760997892498 2.1298372745513916 140
1760997892611 2.129150390625 141
1760997892749 2.127213478088379 142
1760997892874 2.13169002532959 143
1760997893008 2.1299548149108887 144
1760997893144 2.126795768737793 145
1760997893252 2.127655506134033 146
1760997893361 2.1146185398101807 147
1760997893465 2.1231343746185303 148
1760997893574 2.1149632930755615 149
1760997893728 2.1349401473999023 150
1760997893934 2.1094613075256348 151
1760997894102 2.112863063812256 152
1760997894249 2.115445613861084 153
1760997894441 2.1067497730255127 154
1760997894630 2.127454996109009 155
1760997894880 2.103116989135742 156
1760997895093 2.101539134979248 157
1760997895313 2.1001250743865967 158
1760997895535 2.103245735168457 159
1760997895717 2.0978198051452637 160
1760997895939 2.099802255630493 161
1760997896117 2.1060760021209717 162
1760997896311 2.093087673187256 163
1760997896493 2.092371702194214 164
1760997896728 2.0967750549316406 165
1760997896906 2.10270357131958 166
1760997897107 2.095174551010132 167
1760997897277 2.094775438308716 168
1760997897521 2.0862298011779785 169
1760997897811 2.09204363822937 170
1760997898018 2.076735019683838 171
1760997898187 2.0808494091033936 172
1760997898378 2.0810511112213135 173
1760997898564 2.0894227027893066 174
1760997898748 2.0841474533081055 175
1760997898970 2.0784413814544678 176
1760997899196 2.085362672805786 177
1760997899363 2.0761263370513916 178
1760997899548 2.079746723175049 179
1760997899715 2.077831745147705 180
1760997899884 2.0879745483398438 181
1760997900101 2.068307876586914 182
1760997900323 2.076404571533203 183
1760997900554 2.0725655555725098 184
1760997900759 2.0780744552612305 185
1760997900916 2.069843292236328 186
1760997901082 2.06284236907959 187
1760997901306 2.062939167022705 188
1760997901552 2.063805341720581 189
1760997901725 2.073237657546997 190
1760997901841 2.070133686065674 191
1760997901954 2.071746587753296 192
1760997902081 2.0563747882843018 193
1760997902223 2.056678533554077 194
1760997902456 2.0547499656677246 195
1760997902728 2.060305595397949 196
1760997902895 2.053171396255493 197
1760997903077 2.0552592277526855 198
1760997903308 2.0512263774871826 199
1760997903524 2.047866106033325 200
1760997903716 2.0442278385162354 201
1760997903924 2.055986166000366 202
1760997904114 2.046215057373047 203
1760997904334 2.0518863201141357 204
1760997904567 2.052180528640747 205
1760997904742 2.0510036945343018 206
1760997904956 2.0367603302001953 207
1760997905146 2.0475218296051025 208
1760997905317 2.0461606979370117 209
1760997905464 2.038998603820801 210
1760997905621 2.04021954536438 211
1760997905816 2.0564398765563965 212
1760997906040 2.0400071144104004 213
1760997906252 2.041926383972168 214
1760997906446 2.0302133560180664 215
1760997906621 2.04158616065979 216
1760997906777 2.040987491607666 217
1760997906926 2.037937641143799 218
1760997907131 2.0330629348754883 219
1760997907327 2.0419018268585205 220
1760997907567 2.035020589828491 221
1760997907759 2.0301685333251953 222
1760997907967 2.0329976081848145 223
1760997908166 2.0382893085479736 224
1760997908384 2.022318124771118 225
1760997908600 2.035865545272827 226
1760997908751 2.0305638313293457 227
1760997908924 2.03790020942688 228
1760997909087 2.0240721702575684 229
1760997909229 2.024815320968628 230
1760997909391 2.0276761054992676 231
1760997909607 2.015199661254883 232
1760997909872 2.0188205242156982 233
1760997910098 2.0238707065582275 234
1760997910349 2.026179552078247 235
1760997910543 2.0168230533599854 236
1760997910734 2.0220155715942383 237
1760997910921 2.015589714050293 238
1760997911081 2.0076282024383545 239
1760997911267 2.0049867630004883 240
1760997911406 2.0204508304595947 241
1760997911546 2.0017826557159424 242
1760997911670 2.014132499694824 243
1760997911818 2.0108115673065186 244
1760997911973 1.9960399866104126 245
1760997912150 2.0121889114379883 246
1760997912288 2.0115487575531006 247
1760997912424 2.0045480728149414 248
1760997912566 1.9976472854614258 249
1760997912720 2.0096447467803955 250
1760997912886 2.0076346397399902 251
1760997913050 1.9957785606384277 252
1760997913223 2.0066306591033936 253
1760997913404 1.9935733079910278 254
1760997913627 1.999053955078125 255
1760997913799 2.010664224624634 256
1760997913917 1.9885609149932861 257
1760997914080 1.9982256889343262 258
1760997914242 2.005016326904297 259
1760997914411 1.9991888999938965 260
1760997914564 1.9919651746749878 261
1760997914762 1.9895801544189453 262
1760997914942 1.9915410280227661 263
1760997915111 1.9991376399993896 264
1760997915338 1.994187355041504 265
1760997915509 1.9937763214111328 266
1760997915705 1.9849388599395752 267
1760997915883 1.978997826576233 268
1760997916095 1.9789822101593018 269
1760997916291 1.9854991436004639 270
1760997916466 1.9870755672454834 271
1760997916639 1.9828879833221436 272
1760997916828 1.9906729459762573 273
1760997916993 1.9782140254974365 274
1760997917149 1.9848519563674927 275
1760997917274 1.9799054861068726 276
1760997917391 1.9883058071136475 277
1760997917538 1.9877861738204956 278
1760997917663 1.9745965003967285 279
1760997917818 1.972399353981018 280
1760997918000 1.9724533557891846 281
1760997918169 1.9859434366226196 282
1760997918382 1.96254563331604 283
1760997918598 1.9739495515823364 284
1760997918774 1.9753904342651367 285
1760997918932 1.96808660030365 286
1760997919051 1.973345398902893 287
1760997919181 1.9727249145507812 288
1760997919331 1.9729255437850952 289
1760997919501 1.9693491458892822 290
1760997919673 1.9637080430984497 291
1760997919863 1.974426031112671 292
1760997920019 1.9616156816482544 293
1760997920198 1.9666345119476318 294
1760997920391 1.9638550281524658 295
1760997920596 1.9663368463516235 296
1760997920756 1.971921682357788 297
1760997920922 1.959765911102295 298
1760997921083 1.9626497030258179 299
1760997921222 1.9701721668243408 300
1760997921388 1.9620842933654785 301
1760997921550 1.9615955352783203 302
1760997921697 1.9562125205993652 303
1760997921851 1.9635604619979858 304
1760997922043 1.9571468830108643 305
1760997922221 1.954321265220642 306
1760997922408 1.9596896171569824 307
1760997922557 1.9566212892532349 308
1760997922716 1.9566134214401245 309
1760997922865 1.95583975315094 310
1760997923036 1.954149603843689 311
1760997923195 1.953236699104309 312
1760997923335 1.951370358467102 313
1760997923495 1.9483333826065063 314
1760997923655 1.9500521421432495 315
1760997923816 1.953650951385498 316
1760997923952 1.9551995992660522 317
1760997924081 1.9483033418655396 318
1760997924243 1.9469057321548462 319
1760997924371 1.9493650197982788 320
1760997924531 1.9408886432647705 321
1760997924689 1.9477001428604126 322
1760997924857 1.9411143064498901 323
1760997925053 1.9447596073150635 324
1760997925317 1.9431613683700562 325
1760997925522 1.9405516386032104 326
1760997925670 1.9463969469070435 327
1760997925814 1.9348024129867554 328
1760997926035 1.938851237297058 329
1760997926229 1.9403538703918457 330
1760997926458 1.938004732131958 331
1760997926608 1.9429928064346313 332
1760997926811 1.9384808540344238 333
1760997926989 1.9512104988098145 334
1760997927163 1.94292414188385 335
1760997927361 1.9330514669418335 336
1760997927536 1.9315974712371826 337
1760997927713 1.9292278289794922 338
1760997927889 1.929692029953003 339
1760997928052 1.9382914304733276 340
1760997928262 1.923619270324707 341
1760997928455 1.9317045211791992 342
1760997928651 1.9293105602264404 343
1760997928817 1.9309828281402588 344
1760997928988 1.930006980895996 345
1760997929135 1.9261558055877686 346
1760997929261 1.9253265857696533 347
1760997929486 1.9295884370803833 348
1760997929675 1.927744746208191 349
1760997929869 1.9289559125900269 350
1760997930051 1.9282772541046143 351
1760997930226 1.922771692276001 352
1760997930409 1.9234563112258911 353
1760997930541 1.918216347694397 354
1760997930657 1.9224714040756226 355
1760997930811 1.9158133268356323 356
1760997930963 1.931510329246521 357
1760997931089 1.920141339302063 358
1760997931248 1.9258042573928833 359
1760997931386 1.9189414978027344 360
1760997931520 1.9160327911376953 361
1760997931683 1.925708293914795 362
1760997931863 1.9266842603683472 363
1760997932054 1.9301267862319946 364
1760997932251 1.9184798002243042 365
1760997932458 1.9169068336486816 366
1760997932653 1.9163551330566406 367
1760997932862 1.912499189376831 368
1760997933080 1.9172289371490479 369
1760997933287 1.9178558588027954 370
1760997933495 1.9157392978668213 371
1760997933656 1.909632921218872 372
1760997933846 1.91683828830719 373
1760997934066 1.91837739944458 374
1760997934235 1.9221222400665283 375
1760997934392 1.9119236469268799 376
1760997934525 1.9051761627197266 377
1760997934687 1.9213849306106567 378
1760997934815 1.912193775177002 379
1760997935012 1.9067186117172241 380
1760997935147 1.9131150245666504 381
1760997935269 1.9105192422866821 382
1760997935403 1.9109339714050293 383
1760997935529 1.9014945030212402 384
1760997935677 1.906842827796936 385
1760997935812 1.9086858034133911 386
1760997935964 1.9092761278152466 387
1760997936098 1.9005484580993652 388
1760997936230 1.903130054473877 389
1760997936360 1.9026678800582886 390
1760997936489 1.9083021879196167 391
1760997936634 1.9065784215927124 392
1760997936775 1.9073758125305176 393
1760997936895 1.9034079313278198 394
1760997937005 1.906650424003601 395
1760997937111 1.9023311138153076 396
1760997937238 1.9021345376968384 397
1760997937340 1.899635910987854 398
1760997937467 1.8978042602539062 399
1760997937566 1.903031349182129 400
1760997937666 1.8965214490890503 401
1760997937795 1.8986386060714722 402
1760997937930 1.8907798528671265 403
1760997938059 1.901975393295288 404
1760997938190 1.898867130279541 405
1760997938292 1.8908840417861938 406
1760997938420 1.9047179222106934 407
1760997938575 1.887908697128296 408
1760997938719 1.896415114402771 409
1760997938902 1.8958245515823364 410
1760997939051 1.8892351388931274 411
1760997939198 1.887999176979065 412
1760997939302 1.8983702659606934 413
1760997939443 1.8855586051940918 414
1760997939578 1.8994249105453491 415
1760997939703 1.8994110822677612 416
1760997939820 1.9000890254974365 417
1760997939956 1.8896958827972412 418
1760997940103 1.887929916381836 419
1760997940225 1.893616795539856 420
1760997940367 1.8869116306304932 421
1760997940510 1.8883328437805176 422
1760997940620 1.887131929397583 423
1760997940729 1.8933848142623901 424
1760997940839 1.8892736434936523 425
1760997940946 1.8900680541992188 426
1760997941062 1.8943870067596436 427
1760997941190 1.8850231170654297 428
1760997941315 1.8858141899108887 429
1760997941424 1.8846148252487183 430
1760997941558 1.87895929813385 431
1760997941690 1.8831474781036377 432
1760997941791 1.8840396404266357 433
1760997941942 1.8791719675064087 434
1760997942041 1.8810174465179443 435
1760997942143 1.88081955909729 436
1760997942244 1.8795251846313477 437
1760997942344 1.8845957517623901 438
1760997942445 1.88304603099823 439
1760997942547 1.8801566362380981 440
1760997942659 1.8834648132324219 441
1760997942766 1.8789546489715576 442
1760997942879 1.8885146379470825 443
1760997942982 1.8801426887512207 444
1760997943096 1.8765777349472046 445
1760997943200 1.883762240409851 446
1760997943310 1.873832106590271 447
1760997943418 1.8822617530822754 448
1760997943529 1.8800033330917358 449
1760997943645 1.87802255153656 450
1760997943753 1.8733106851577759 451
1760997943859 1.8757905960083008 452
1760997943962 1.8706791400909424 453
1760997944075 1.874265193939209 454
1760997944179 1.87580406665802 455
1760997944306 1.873576283454895 456
1760997944411 1.8755896091461182 457
1760997944514 1.8748542070388794 458
1760997944631 1.870051622390747 459
