1760997842743 3.3106000423431396 0
1760997842880 3.1627018451690674 1
1760997843005 3.0542988777160645 2
1760997843140 3.0123727321624756 3
1760997843265 2.961178779602051 4
1760997843392 2.8482635021209717 5
1760997843519 2.8358309268951416 6
1760997843653 2.8569388389587402 7
1760997843808 2.742628812789917 8
1760997843936 2.6903929710388184 9
1760997844064 2.722517490386963 10
1760997844195 2.64622163772583 11
1760997844329 2.6408157348632812 12
1760997844463 2.596719741821289 13
1760997844589 2.588076591491699 14
1760997844709 2.5595638751983643 15
1760997844837 2.556425094604492 16
1760997844966 2.5541677474975586 17
1760997845116 2.5059456825256348 18
1760997845241 2.512450695037842 19
1760997845393 2.450756072998047 20
1760997845523 2.464939832687378 21
1760997845662 2.443190813064575 22
1760997845795 2.433403491973877 23
1760997845901 2.434392213821411 24
1760997846009 2.3905465602874756 25
1760997846115 2.405333995819092 26
1760997846220 2.3740789890289307 27
1760997846324 2.3567135334014893 28
1760997846429 2.3415305614471436 29
1760997846543 2.3499839305877686 30
1760997846648 2.3485257625579834 31
1760997846759 2.305638551712036 32
1760997846886 2.2982733249664307 33
1760997846991 2.288801431655884 34
1760997847096 2.2590649127960205 35
1760997847201 2.2640221118927 36
1760997847314 2.2513461112976074 37
1760997847418 2.2381811141967773 38
1760997847532 2.2474865913391113 39
1760997847648 2.2365047931671143 40
1760997847750 2.2131145000457764 41
1760997847850 2.2064669132232666 42
1760997847955 2.1905858516693115 43
1760997848056 2.1929771900177 44
1760997848173 2.186272382736206 45
1760997848277 2.171091318130493 46
1760997848383 2.1801342964172363 47
1760997848492 2.1646969318389893 48
1760997848605 2.1750781536102295 49
1760997848712 2.166168451309204 50
1760997848825 2.145063638687134 51
1760997848933 2.1378936767578125 52
1760997849049 2.1507842540740967 53
1760997849161 2.1424028873443604 54
1760997849267 2.1272695064544678 55
1760997849373 2.134394407272339 56
1760997849474 2.1162595748901367 57
1760997849577 2.124119281768799 58
1760997849682 2.136322498321533 59
1760997849782 2.1056740283966064 60
1760997849883 2.1195216178894043 61
1760997849991 2.116626024246216 62
1760997850094 2.099844217300415 63
1760997850198 2.1092076301574707 64
1760997850299 2.0896408557891846 65
1760997850401 2.086495876312256 66
1760997850501 2.093526601791382 67
1760997850603 2.0794286727905273 68
1760997850721 2.0876972675323486 69
1760997850830 2.090589761734009 70
